44 43 0.379102
43 44 0.379102
35 262 1.118897
262 35 1.118897
261 272 0.927833
272 261 0.927833
272 260 1.069215
260 272 1.069215
258 8 1.09594
17 22 1.119598
16 15 1.121204
15 12 0.962244
10 14 0.636485
11 9 0.652887
9 11 0.652887
9 13 1.065273
26 76 1.032717
76 26 1.032717
29 32 0.67847
25 76 0.935044
76 25 0.935044
26 31 0.76602
31 26 0.76602
28 32 0.590578
43 45 0.952012
45 43 0.952012
49 48 0.595183
48 49 0.595183
46 48 0.486738
47 44 0.632492
44 47 0.632492
153 154 0.64173
154 153 0.64173
157 154 0.589581
154 157 0.589581
152 155 0.641096
155 152 0.641096
51 50 0.607875
50 51 0.607875
47 45 1.443629
45 47 1.443629
41 43 0.696739
43 41 0.696739
39 42 0.612323
42 39 0.612323
37 40 0.657754
40 37 0.657754
37 36 0.651642
36 37 0.651642
39 38 0.653778
38 39 0.653778
41 40 0.611192
40 41 0.611192
264 150 0.919347
150 264 0.919347
35 263 1.074403
263 35 1.074403
47 50 0.594709
50 47 0.594709
257 8 0.957806
1 255 0.616741
255 1 0.616741
0 254 0.626402
254 0 0.626402
256 1 0.535128
52 49 0.600205
49 52 0.600205
53 52 0.617617
52 53 0.617617
51 54 0.608194
54 51 0.608194
55 54 0.631848
54 55 0.631848
53 56 0.604424
56 53 0.604424
57 56 0.610951
56 57 0.610951
55 58 0.628532
58 55 0.628532
59 58 0.64138
58 59 0.64138
57 60 0.611738
60 57 0.611738
61 60 0.615979
60 61 0.615979
59 62 0.693835
62 59 0.693835
63 62 0.689237
62 63 0.689237
61 64 0.66809
64 61 0.66809
65 64 0.679088
64 65 0.679088
63 66 0.668803
66 63 0.668803
67 66 0.677372
66 67 0.677372
65 68 0.67557
68 65 0.67557
69 68 0.683445
68 69 0.683445
67 70 0.693416
70 67 0.693416
71 70 0.672422
70 71 0.672422
69 72 0.692994
72 69 0.692994
73 72 0.70792
72 73 0.70792
71 74 0.692765
74 71 0.692765
75 74 0.651527
74 75 0.651527
183 30 1.0454
30 183 1.0454
180 182 0.555955
182 180 0.555955
178 181 0.606462
181 178 0.606462
176 179 0.583719
179 176 0.583719
174 177 0.598779
177 174 0.598779
172 175 0.591851
175 172 0.591851
170 173 0.608333
173 170 0.608333
168 171 0.605134
171 168 0.605134
180 179 0.616425
179 180 0.616425
178 177 0.591147
177 178 0.591147
174 173 0.589666
173 174 0.589666
176 175 0.594246
175 176 0.594246
172 171 0.595857
171 172 0.595857
170 169 0.591624
169 170 0.591624
168 167 0.59217
167 168 0.59217
166 169 0.593747
169 166 0.593747
166 165 0.595061
165 166 0.595061
164 167 0.596622
167 164 0.596622
164 163 0.593196
163 164 0.593196
162 165 0.593283
165 162 0.593283
162 161 0.593817
161 162 0.593817
160 163 0.593856
163 160 0.593856
160 159 0.598923
159 160 0.598923
158 161 0.598924
161 158 0.598924
158 157 0.587357
157 158 0.587357
156 159 0.587357
159 156 0.587357
156 155 0.59081
155 156 0.59081
31 27 0.678181
27 31 0.678181
48 80 0.218215
80 48 0.218215
262 261 3.165749
261 262 3.165749
30 29 0.403333
29 30 0.403333
45 152 2.713549
152 45 2.713549
25 26 0.999809
26 25 0.999809
24 25 2.704947
23 24 1.207048
22 23 6.73947
16 17 1.202281
12 16 1.007602
8 12 4.629821
259 258 5.104553
260 259 1.773727
14 15 0.371427
15 14 0.371427
9 10 0.402966
18 11 0.264932
11 18 0.264932
19 18 0.344734
18 19 0.344734
20 13 0.230759
13 20 0.230759
21 20 0.34649
20 21 0.34649
13 14 0.595797
31 33 0.191082
33 31 0.191082
32 34 0.212321
34 32 0.212321
27 26 0.927189
26 27 0.927189
28 27 1.001461
27 28 1.001461
29 28 0.708435
28 29 0.708435
261 260 1.138211
260 261 1.138211
81 80 0.327044
80 81 0.327044
82 81 0.359844
81 82 0.359844
83 82 0.347275
82 83 0.347275
84 83 0.320725
83 84 0.320725
187 188 0.351478
188 187 0.351478
186 187 0.334598
187 186 0.334598
184 185 0.299452
185 184 0.299452
185 186 0.348947
186 185 0.348947
50 85 0.218208
85 50 0.218208
86 85 0.327047
85 86 0.327047
87 86 0.359844
86 87 0.359844
88 87 0.347279
87 88 0.347279
89 88 0.320737
88 89 0.320737
192 193 0.351493
193 192 0.351493
191 192 0.336435
192 191 0.336435
189 190 0.303556
190 189 0.303556
190 191 0.347105
191 190 0.347105
52 90 0.21821
90 52 0.21821
91 90 0.327025
90 91 0.327025
92 91 0.359849
91 92 0.359849
93 92 0.347274
92 93 0.347274
94 93 0.320725
93 94 0.320725
197 198 0.353353
198 197 0.353353
196 197 0.33411
197 196 0.33411
194 195 0.305848
195 194 0.305848
195 196 0.344823
196 195 0.344823
54 95 0.218203
95 54 0.218203
96 95 0.327023
95 96 0.327023
97 96 0.359845
96 97 0.359845
98 97 0.347272
97 98 0.347272
99 98 0.320724
98 99 0.320724
202 203 0.353997
203 202 0.353997
201 202 0.328155
202 201 0.328155
199 200 0.305874
200 199 0.305874
200 201 0.348974
201 200 0.348974
101 100 0.32703
100 101 0.32703
102 101 0.35985
101 102 0.35985
103 102 0.347279
102 103 0.347279
104 103 0.320733
103 104 0.320733
207 208 0.349663
208 207 0.349663
206 207 0.329971
207 206 0.329971
204 205 0.305838
205 204 0.305838
205 206 0.348963
206 205 0.348963
56 100 0.218203
100 56 0.218203
106 105 0.327038
105 106 0.327038
107 106 0.35985
106 107 0.35985
108 107 0.347272
107 108 0.347272
109 108 0.320731
108 109 0.320731
212 213 0.355632
213 212 0.355632
211 212 0.328155
212 211 0.328155
209 210 0.305838
210 209 0.305838
210 211 0.348964
211 210 0.348964
58 105 0.218223
105 58 0.218223
111 110 0.32703
110 111 0.32703
112 111 0.359851
111 112 0.359851
113 112 0.34728
112 113 0.34728
114 113 0.320733
113 114 0.320733
217 218 0.353347
218 217 0.353347
216 217 0.32997
217 216 0.32997
214 215 0.305827
215 214 0.305827
215 216 0.348974
216 215 0.348974
60 110 0.218203
110 60 0.218203
57 55 0.30188
55 57 0.30188
59 57 0.308236
57 59 0.308236
61 59 0.312311
59 61 0.312311
63 61 0.299979
61 63 0.299979
154 184 0.194766
184 154 0.194766
156 189 0.194766
189 156 0.194766
158 194 0.194766
194 158 0.194766
160 199 0.194766
199 160 0.194766
162 204 0.194766
204 162 0.194766
164 209 0.194766
209 164 0.194766
166 214 0.194773
214 166 0.194773
155 153 0.353045
153 155 0.353045
157 155 0.302216
155 157 0.302216
159 157 0.298771
157 159 0.298771
161 159 0.310337
159 161 0.310337
163 161 0.305229
161 163 0.305229
165 163 0.30461
163 165 0.30461
167 165 0.308036
165 167 0.308036
53 55 0.299416
55 53 0.299416
51 53 0.313454
53 51 0.313454
79 41 0.183106
41 79 0.183106
78 39 0.182522
39 78 0.182522
77 37 0.182522
37 77 0.182522
42 40 0.243162
40 42 0.243162
43 42 0.33281
42 43 0.33281
36 35 0.192198
35 36 0.192198
38 36 0.283965
36 38 0.283965
40 38 0.288681
38 40 0.288681
151 153 0.410849
153 151 0.410849
150 151 1.3323
151 150 1.3323
262 263 1.204764
263 262 1.204764
263 264 2.491242
264 263 2.491242
273 266 0.127354
266 273 0.127354
266 265 0.472101
265 266 0.472101
268 267 0.480011
267 268 0.480011
270 269 0.480011
269 270 0.480011
275 270 0.125367
270 275 0.125367
274 268 0.124142
268 274 0.124142
267 269 0.310543
269 267 0.310543
265 267 0.316433
267 265 0.316433
47 46 0.187588
46 47 0.187588
49 47 0.29549
47 49 0.29549
51 49 0.309459
49 51 0.309459
256 257 3.988937
257 256 3.988937
255 256 0.644028
254 255 0.322893
255 254 0.322893
5 1 0.216306
1 5 0.216306
6 5 0.320604
5 6 0.320604
7 6 0.359707
6 7 0.359707
2 0 0.216306
0 2 0.216306
3 2 0.32061
2 3 0.32061
4 3 0.359713
3 4 0.359713
258 257 0.967758
257 258 0.967758
62 115 0.197126
115 62 0.197126
116 115 0.351688
115 116 0.351688
117 116 0.333062
116 117 0.333062
118 117 0.352413
117 118 0.352413
119 118 0.352842
118 119 0.352842
222 223 0.338093
223 222 0.338093
221 222 0.344967
222 221 0.344967
219 220 0.319477
220 219 0.319477
220 221 0.351824
221 220 0.351824
64 120 0.198891
120 64 0.198891
121 120 0.349923
120 121 0.349923
122 121 0.334369
121 122 0.334369
123 122 0.349866
122 123 0.349866
124 123 0.354042
123 124 0.354042
226 227 0.34677
227 226 0.34677
224 225 0.316608
225 224 0.316608
225 226 0.351844
226 225 0.351844
66 125 0.197514
125 66 0.197514
126 125 0.349255
125 126 0.349255
127 126 0.334938
126 127 0.334938
128 127 0.349653
127 128 0.349653
129 128 0.352331
128 129 0.352331
232 233 0.34048
233 232 0.34048
231 232 0.344756
232 231 0.344756
229 230 0.312034
230 229 0.312034
230 231 0.35343
231 230 0.35343
68 130 0.197762
130 68 0.197762
131 130 0.350569
130 131 0.350569
132 131 0.338095
131 132 0.338095
133 132 0.346785
132 133 0.346785
134 133 0.350085
133 134 0.350085
237 238 0.340474
238 237 0.340474
236 237 0.349001
237 236 0.349001
234 235 0.313803
235 234 0.313803
235 236 0.347415
236 235 0.347415
136 135 0.356428
135 136 0.356428
137 136 0.334236
136 137 0.334236
138 137 0.346454
137 138 0.346454
139 138 0.350427
138 139 0.350427
242 243 0.340646
243 242 0.340646
241 242 0.347856
242 241 0.347856
239 240 0.307616
240 239 0.307616
240 241 0.349926
241 240 0.349926
70 135 0.201223
135 70 0.201223
141 140 0.34473
140 141 0.34473
142 141 0.342457
141 142 0.342457
143 142 0.344164
142 143 0.344164
144 143 0.352369
143 144 0.352369
247 248 0.330956
248 247 0.330956
246 247 0.34926
247 246 0.34926
244 245 0.311457
245 244 0.311457
245 246 0.345637
246 245 0.345637
72 140 0.208467
140 72 0.208467
146 145 0.345855
145 146 0.345855
147 146 0.342832
146 147 0.342832
148 147 0.342743
147 148 0.342743
149 148 0.354178
148 149 0.354178
252 253 0.341989
253 252 0.341989
251 252 0.343275
252 251 0.343275
249 250 0.317555
250 249 0.317555
250 251 0.346774
251 250 0.346774
74 145 0.209401
145 74 0.209401
168 219 0.199739
219 168 0.199739
170 224 0.197593
224 170 0.197593
172 229 0.197975
229 172 0.197975
174 234 0.197974
234 174 0.197974
176 239 0.199773
239 176 0.199773
178 244 0.196249
244 178 0.196249
180 249 0.191385
249 180 0.191385
271 269 0.237505
269 271 0.237505
272 271 0.919292
271 272 0.919292
65 63 0.3132
63 65 0.3132
67 65 0.2979
65 67 0.2979
69 67 0.307365
67 69 0.307365
71 69 0.308239
69 71 0.308239
73 71 0.313544
71 73 0.313544
75 73 0.278007
73 75 0.278007
76 75 0.450801
75 76 0.450801
228 227 0.346329
227 228 0.346329
179 181 0.318409
181 179 0.318409
177 179 0.302548
179 177 0.302548
175 177 0.305841
177 175 0.305841
173 175 0.301065
175 173 0.301065
171 173 0.306171
173 171 0.306171
169 171 0.302966
171 169 0.302966
182 183 0.547781
183 182 0.547781
181 182 0.258725
182 181 0.258725
167 169 0.303584
169 167 0.303584
