455 454 3.752146
454 455 3.752146
445 442 3.348964
442 445 3.348964
442 166 3.275309
166 442 3.275309
187 306 3.476538
306 187 3.476538
340 719 5.408147
719 340 5.408147
706 495 3.894308
495 706 3.894308
709 495 3.877973
495 709 3.877973
573 574 2.312064
574 573 2.312064
578 574 2.33386
574 578 2.33386
572 575 2.843033
575 572 2.843033
470 469 2.276909
469 470 2.276909
461 463 1.983573
463 461 1.983573
459 462 2.023407
462 459 2.023407
458 460 1.967401
460 458 1.967401
458 456 1.849999
456 458 1.849999
459 457 2.003357
457 459 2.003357
461 460 2.02298
460 461 2.02298
568 570 3.45564
570 568 3.45564
455 453 3.888531
453 455 3.888531
57 306 3.603688
306 57 3.603688
471 468 2.313573
468 471 2.313573
472 471 2.276848
471 472 2.276848
470 473 2.290175
473 470 2.290175
474 473 2.379422
473 474 2.379422
472 475 2.324067
475 472 2.324067
476 475 2.288685
475 476 2.288685
474 477 2.289422
477 474 2.289422
478 477 2.396854
477 478 2.396854
476 479 2.377621
479 476 2.377621
480 479 2.305779
479 480 2.305779
478 481 2.265916
481 478 2.265916
482 481 2.386606
481 482 2.386606
480 483 2.262314
483 480 2.262314
485 483 2.268262
483 485 2.268262
482 484 2.2768
484 482 2.2768
486 484 2.289025
484 486 2.289025
485 487 2.241192
487 485 2.241192
488 487 2.262375
487 488 2.262375
486 489 2.246267
489 486 2.246267
490 489 2.266271
489 490 2.266271
488 491 2.2292
491 488 2.2292
492 491 2.265874
491 492 2.265874
490 493 2.368682
493 490 2.368682
494 493 2.120235
493 494 2.120235
604 702 3.865888
702 604 3.865888
601 603 2.148528
603 601 2.148528
599 602 2.346852
602 599 2.346852
597 600 2.287192
600 597 2.287192
595 598 2.300143
598 595 2.300143
593 596 2.305757
596 593 2.305757
591 594 2.352931
594 591 2.352931
589 592 2.376991
592 589 2.376991
601 600 2.237527
600 601 2.237527
599 598 2.185843
598 599 2.185843
595 594 2.295135
594 595 2.295135
597 596 2.198204
596 597 2.198204
593 592 2.163817
592 593 2.163817
591 590 2.045298
590 591 2.045298
589 588 2.264187
588 589 2.264187
587 590 2.392605
590 587 2.392605
587 586 2.234044
586 587 2.234044
585 588 2.472125
588 585 2.472125
585 584 2.191493
584 585 2.191493
583 586 2.415752
586 583 2.415752
583 582 2.138884
582 583 2.138884
581 584 2.308959
584 581 2.308959
581 580 2.15292
580 581 2.15292
579 582 2.370396
582 579 2.370396
579 578 2.117963
578 579 2.117963
577 580 2.326601
580 577 2.326601
577 575 2.182263
575 577 2.182263
468 467 3.185956
467 468 3.185956
466 469 2.244963
469 466 2.244963
467 465 2.856882
466 464 6.208232
464 466 6.208232
466 463 4.788089
463 466 4.788089
462 464 4.673541
463 467 8.6836
572 574 3.890252
444 147 3.050981
147 444 3.050981
166 148 2.713244
148 166 2.713244
167 147 2.738571
147 167 2.738571
169 148 2.740572
148 169 2.740572
167 149 2.733634
149 167 2.733634
168 149 2.750667
149 168 2.750667
169 150 2.699497
150 169 2.699497
171 150 2.756058
150 171 2.756058
168 151 2.728831
151 168 2.728831
170 151 2.733256
151 170 2.733256
174 152 2.728137
152 174 2.728137
171 152 2.706045
152 171 2.706045
170 153 2.686036
153 170 2.686036
175 153 2.755392
153 175 2.755392
174 154 2.685088
154 174 2.685088
173 154 2.761559
154 173 2.761559
175 155 2.652845
155 175 2.652845
172 155 2.748461
155 172 2.748461
173 156 2.697895
156 173 2.697895
177 156 2.748205
156 177 2.748205
172 157 2.720898
157 172 2.720898
176 157 2.725664
157 176 2.725664
177 158 2.664366
158 177 2.664366
179 158 2.758656
158 179 2.758656
176 159 2.706914
159 176 2.706914
178 159 2.782708
159 178 2.782708
179 160 2.68162
160 179 2.68162
180 160 2.741067
160 180 2.741067
178 161 2.702435
161 178 2.702435
58 53 2.398922
53 58 2.398922
57 49 2.56328
49 57 2.56328
61 49 2.41902
49 61 2.41902
58 50 2.543303
50 58 2.543303
61 52 2.530469
52 61 2.530469
59 50 2.398607
50 59 2.398607
60 51 2.409318
51 60 2.409318
59 51 2.545509
51 59 2.545509
62 52 2.423882
52 62 2.423882
62 54 2.487345
54 62 2.487345
64 54 2.387618
54 64 2.387618
60 55 2.480403
55 60 2.480403
63 55 2.252759
55 63 2.252759
181 161 2.974345
161 181 2.974345
180 162 2.897329
162 180 2.897329
182 162 3.086568
162 182 3.086568
181 163 3.058531
163 181 3.058531
184 163 3.082623
163 184 3.082623
182 164 3.023714
164 182 3.023714
183 164 3.088881
164 183 3.088881
184 165 3.088459
165 184 3.088459
185 165 3.163607
165 185 3.163607
307 308 3.073895
308 307 3.073895
310 308 2.585106
308 310 2.585106
309 311 2.641109
311 309 2.641109
313 311 2.636025
311 313 2.636025
310 312 2.679385
312 310 2.679385
313 314 2.647666
314 313 2.647666
315 312 2.70022
312 315 2.70022
315 316 2.64932
316 315 2.64932
319 316 2.638519
316 319 2.638519
317 314 2.642498
314 317 2.642498
317 318 2.545061
318 317 2.545061
321 318 2.503021
318 321 2.503021
319 320 2.51536
320 319 2.51536
323 320 2.518596
320 323 2.518596
322 321 2.536983
321 322 2.536983
325 322 2.512978
322 325 2.512978
323 324 2.548668
324 323 2.548668
324 327 2.545375
327 324 2.545375
325 326 2.561335
326 325 2.561335
329 326 2.58792
326 329 2.58792
327 328 2.511741
328 327 2.511741
330 328 2.533295
328 330 2.533295
329 331 2.542142
331 329 2.542142
333 331 2.637609
331 333 2.637609
332 330 2.59275
330 332 2.59275
335 332 2.561785
332 335 2.561785
334 333 2.550985
333 334 2.550985
335 336 2.528927
336 335 2.528927
339 336 2.493159
336 339 2.493159
337 338 2.551198
338 337 2.551198
337 334 2.580587
334 337 2.580587
340 338 2.833826
338 340 2.833826
690 696 1.734326
698 690 2.343083
685 698 3.651872
697 685 2.402782
705 691 2.605966
691 705 2.605966
707 691 2.704482
691 707 2.704482
708 692 2.642905
692 708 2.642905
706 692 3.275986
692 706 3.275986
706 733 3.082627
733 706 3.082627
708 733 2.881859
733 708 2.881859
707 732 2.617401
732 707 2.617401
705 732 2.504727
732 705 2.504727
701 604 4.497047
604 701 4.497047
725 737 2.821046
737 725 2.821046
730 738 2.303808
738 730 2.303808
728 736 2.482087
736 728 2.482087
682 714 4.51212
714 682 4.51212
682 711 4.122266
711 682 4.122266
710 684 3.475084
684 712 3.552502
694 711 2.534172
711 694 2.534172
694 713 3.433688
713 694 3.433688
695 715 2.164176
712 695 3.442175
340 717 4.755685
717 340 4.755685
116 110 1.940786
110 114 2.55144
63 128 6.196482
142 327 4.597019
327 142 4.597019
137 140 4.650494
140 137 4.650494
139 137 2.934631
137 139 2.934631
138 137 2.619465
140 138 5.559156
136 133 3.750274
133 136 3.750274
134 133 2.363994
137 134 4.850433
133 140 8.79291
7 8 1.849156
8 7 1.849156
5 7 2.337623
4 5 3.215737
2 3 3.040101
3 2 3.040101
31 0 2.324933
0 31 2.324933
33 30 2.956171
28 33 2.499772
32 31 2.279971
29 32 2.943219
26 21 4.380574
21 26 4.380574
27 26 3.32641
26 27 3.32641
15 16 4.245148
12 15 4.367065
13 14 5.362779
7 13 6.313804
142 329 3.255712
329 142 3.255712
142 333 3.304891
333 142 3.304891
142 335 4.641846
335 142 4.641846
135 137 4.083818
132 135 4.954253
111 116 2.293817
113 131 3.746946
113 117 2.079995
117 113 2.079995
449 445 3.901592
449 166 3.465923
166 449 3.465923
722 452 4.588674
452 722 4.588674
731 452 4.981456
56 53 2.332726
53 56 2.332726
306 53 7.752446
128 129 8.265456
130 113 4.256814
107 112 2.173214
114 107 3.724349
693 720 2.843644
720 693 2.843644
677 675 2.374306
679 677 2.906786
678 683 2.35935
683 678 2.35935
689 727 2.547949
730 689 3.124127
688 725 2.727229
721 688 3.106043
687 730 3.138
730 687 3.138
686 721 3.10951
721 686 3.10951
718 687 3.022427
723 686 2.757162
735 724 2.147184
724 735 2.147184
741 734 2.314062
734 741 2.314062
724 734 3.25878
742 740 2.052366
740 742 2.052366
746 743 2.558009
743 746 2.558009
747 745 2.061907
745 747 2.061907
735 740 2.317462
741 743 2.0474
742 745 2.574959
742 739 2.783031
724 739 4.94391
744 747 3.074032
741 744 2.760136
454 445 11.99
445 454 11.99
702 703 1.26
703 702 1.26
464 572 9.34
572 464 9.34
709 706 3.87
722 709 10.44
731 722 4.85
705 708 1.25
708 705 1.25
499 501 1.3
501 499 1.3
502 499 1.3
499 502 1.3
503 502 1.31
502 503 1.31
608 609 1.3
609 608 1.3
607 608 1.3
608 607 1.3
605 606 1.3
606 605 1.3
606 607 1.3
607 606 1.3
469 504 0.79
504 469 0.79
505 504 1.3
504 505 1.3
500 505 1.3
505 500 1.3
506 500 1.3
500 506 1.3
507 506 1.31
506 507 1.31
613 614 1.3
614 613 1.3
612 613 1.3
613 612 1.3
610 611 1.3
611 610 1.3
611 612 1.3
612 611 1.3
471 508 0.79
508 471 0.79
509 508 1.3
508 509 1.3
510 509 1.3
509 510 1.3
511 510 1.3
510 511 1.3
512 511 1.31
511 512 1.31
618 619 1.3
619 618 1.3
617 618 1.3
618 617 1.3
615 616 1.3
616 615 1.3
616 617 1.3
617 616 1.3
473 513 0.78
513 473 0.78
514 513 1.3
513 514 1.3
515 514 1.3
514 515 1.3
516 515 1.3
515 516 1.3
517 516 1.31
516 517 1.31
623 624 1.3
624 623 1.3
622 623 1.3
623 622 1.3
620 621 1.3
621 620 1.3
621 622 1.3
622 621 1.3
519 518 1.3
518 519 1.3
520 519 1.3
519 520 1.3
521 520 1.3
520 521 1.3
522 521 1.31
521 522 1.31
628 629 1.3
629 628 1.3
627 628 1.3
628 627 1.3
625 626 1.3
626 625 1.3
626 627 1.3
627 626 1.3
475 518 0.8
518 475 0.8
524 523 1.3
523 524 1.3
525 524 1.3
524 525 1.3
526 525 1.3
525 526 1.3
527 526 1.31
526 527 1.31
633 634 1.3
634 633 1.3
632 633 1.3
633 632 1.3
630 631 1.3
631 630 1.3
631 632 1.3
632 631 1.3
477 523 0.79
523 477 0.79
529 528 1.3
528 529 1.3
530 529 1.3
529 530 1.3
531 530 1.3
530 531 1.3
532 531 1.31
531 532 1.31
638 639 1.3
639 638 1.3
637 638 1.3
638 637 1.3
635 636 1.3
636 635 1.3
636 637 1.3
637 636 1.3
479 528 0.8
528 479 0.8
476 474 1.14
474 476 1.14
478 476 1.16
476 478 1.16
480 478 1.16
478 480 1.16
482 480 1.14
480 482 1.14
574 605 0.97
605 574 0.97
577 610 0.97
610 577 0.97
579 615 0.97
615 579 0.97
581 620 0.97
620 581 0.97
583 625 0.97
625 583 0.97
585 630 0.91
630 585 0.91
587 635 0.91
635 587 0.91
575 573 1.29
573 575 1.29
578 575 1.19
575 578 1.19
580 578 1.11
578 580 1.11
582 580 1.17
580 582 1.17
584 582 1.15
582 584 1.15
586 584 1.17
584 586 1.17
588 586 1.12
586 588 1.12
472 474 1.17
474 472 1.17
470 472 1.14
472 470 1.14
498 461 1.08
461 498 1.08
497 459 1.07
459 497 1.07
496 458 1.09
458 496 1.09
462 460 1.03
460 462 1.03
463 462 1.01
462 463 1.01
456 455 1.13
455 456 1.13
457 456 0.84
456 457 0.84
460 457 1.01
457 460 1.01
571 573 1.57
573 571 1.57
570 571 4.91
571 570 4.91
454 453 4.44
453 454 4.44
568 453 9.49
446 436 0.51
436 446 0.51
436 435 2.68
435 436 2.68
438 437 2.68
437 438 2.68
440 439 2.68
439 440 2.68
448 440 0.51
440 448 0.51
447 438 0.51
438 447 0.51
437 439 1.09
439 437 1.09
435 437 1.09
437 435 1.09
470 468 1.17
468 470 1.17
23 24 2.34
24 23 2.34
25 23 1.22
23 25 1.22
481 533 0.83
533 481 0.83
534 533 1.3
533 534 1.3
535 534 1.3
534 535 1.3
536 535 1.3
535 536 1.3
537 536 1.31
536 537 1.31
643 644 1.3
644 643 1.3
642 643 1.3
643 642 1.3
640 641 1.3
641 640 1.3
641 642 1.3
642 641 1.3
483 538 0.82
538 483 0.82
539 538 1.3
538 539 1.3
540 539 1.3
539 540 1.3
541 540 1.3
540 541 1.3
542 541 1.31
541 542 1.31
647 648 1.3
648 647 1.3
645 646 1.3
646 645 1.3
646 647 1.3
647 646 1.3
484 543 0.82
543 484 0.82
544 543 1.3
543 544 1.3
545 544 1.3
544 545 1.3
546 545 1.3
545 546 1.3
547 546 1.31
546 547 1.31
653 654 1.3
654 653 1.3
652 653 1.3
653 652 1.3
650 651 1.3
651 650 1.3
651 652 1.3
652 651 1.3
487 548 0.82
548 487 0.82
549 548 1.3
548 549 1.3
550 549 1.3
549 550 1.3
551 550 1.3
550 551 1.3
552 551 1.31
551 552 1.31
658 659 1.3
659 658 1.3
657 658 1.3
658 657 1.3
655 656 1.3
656 655 1.3
656 657 1.3
657 656 1.3
554 553 1.3
553 554 1.3
555 554 1.3
554 555 1.3
556 555 1.3
555 556 1.3
557 556 1.31
556 557 1.31
663 664 1.3
664 663 1.3
662 663 1.3
663 662 1.3
660 661 1.3
661 660 1.3
661 662 1.3
662 661 1.3
489 553 0.85
553 489 0.85
559 558 1.24
558 559 1.24
560 559 1.26
559 560 1.26
561 560 1.32
560 561 1.32
562 561 1.38
561 562 1.38
668 669 1.25
669 668 1.25
667 668 1.32
668 667 1.32
665 666 1.41
666 665 1.41
666 667 1.23
667 666 1.23
491 558 0.83
558 491 0.83
564 563 1.24
563 564 1.24
565 564 1.26
564 565 1.26
566 565 1.33
565 566 1.33
567 566 1.37
566 567 1.37
673 674 1.2
674 673 1.2
672 673 1.28
673 672 1.28
670 671 1.42
671 670 1.42
671 672 1.31
672 671 1.31
493 563 0.81
563 493 0.81
589 640 0.91
640 589 0.91
591 645 0.91
645 591 0.91
593 650 0.87
650 593 0.87
595 655 0.87
655 595 0.87
597 660 0.83
660 597 0.83
599 665 0.82
665 599 0.82
601 670 0.84
670 601 0.84
441 439 0.95
439 441 0.95
442 441 3.46
441 442 3.46
485 482 1.18
482 485 1.18
486 485 1.12
485 486 1.12
488 486 1.16
486 488 1.16
490 488 1.13
488 490 1.13
492 490 1.18
490 492 1.18
494 492 1.05
492 494 1.05
495 494 1.76
494 495 1.76
600 602 1.21
602 600 1.21
598 600 1.14
600 598 1.14
596 598 1.16
598 596 1.16
594 596 1.13
596 594 1.13
592 594 1.16
594 592 1.16
590 592 1.13
592 590 1.13
603 604 2.06
604 603 2.06
602 603 0.97
603 602 0.97
588 590 1.17
590 588 1.17
467 501 1.2
501 467 1.2
707 708 1.36
708 707 1.36
706 707 1.98
707 706 1.98
704 703 1.79
703 704 1.79
705 704 3.77
704 705 3.77
466 468 1.15
468 466 1.15
465 466 0.86
99 100 1.33
100 99 1.33
98 99 1.33
99 98 1.33
97 98 1.33
98 97 1.33
96 97 1.33
97 96 1.33
95 96 1.33
96 95 1.33
81 82 1.33
82 81 1.33
80 81 1.33
81 80 1.33
79 80 1.33
80 79 1.33
78 79 1.33
79 78 1.33
77 78 1.33
78 77 1.33
87 88 1.33
88 87 1.33
86 87 1.33
87 86 1.33
85 86 1.33
86 85 1.33
84 85 1.33
85 84 1.33
83 84 1.33
84 83 1.33
75 76 1.33
76 75 1.33
74 75 1.33
75 74 1.33
73 74 1.33
74 73 1.33
72 73 1.33
73 72 1.33
71 72 1.33
72 71 1.33
69 70 1.33
70 69 1.33
68 69 1.33
69 68 1.33
67 68 1.33
68 67 1.33
66 67 1.33
67 66 1.33
65 66 1.33
66 65 1.33
93 94 1.33
94 93 1.33
92 93 1.33
93 92 1.33
91 92 1.33
92 91 1.33
90 91 1.33
91 90 1.33
89 90 1.33
90 89 1.33
53 89 1.02
89 53 1.02
49 65 0.98
65 49 0.98
50 71 0.98
71 50 0.98
52 83 0.98
83 52 0.98
51 77 0.97
77 51 0.97
54 95 0.97
95 54 0.97
58 57 1.3
57 58 1.3
61 58 1.28
58 61 1.28
59 61 1.27
61 59 1.27
62 59 1.32
59 62 1.32
60 62 1.27
62 60 1.27
64 60 1.27
60 64 1.27
192 193 1.33
193 192 1.33
191 192 1.33
192 191 1.33
190 191 1.33
191 190 1.33
189 190 1.33
190 189 1.33
188 189 1.33
189 188 1.33
198 199 1.33
199 198 1.33
197 198 1.33
198 197 1.33
196 197 1.33
197 196 1.33
195 196 1.33
196 195 1.33
194 195 1.33
195 194 1.33
204 205 1.33
205 204 1.33
203 204 1.33
204 203 1.33
202 203 1.33
203 202 1.33
201 202 1.33
202 201 1.33
200 201 1.33
201 200 1.33
210 211 1.33
211 210 1.33
209 210 1.33
210 209 1.33
208 209 1.33
209 208 1.33
207 208 1.33
208 207 1.33
206 207 1.33
207 206 1.33
216 217 1.33
217 216 1.33
215 216 1.33
216 215 1.33
214 215 1.33
215 214 1.33
213 214 1.33
214 213 1.33
212 213 1.33
213 212 1.33
222 223 1.33
223 222 1.33
221 222 1.33
222 221 1.33
220 221 1.33
221 220 1.33
219 220 1.33
220 219 1.33
218 219 1.33
219 218 1.33
228 229 1.33
229 228 1.33
227 228 1.33
228 227 1.33
226 227 1.33
227 226 1.33
225 226 1.33
226 225 1.33
224 225 1.33
225 224 1.33
234 235 1.33
235 234 1.33
233 234 1.33
234 233 1.33
232 233 1.33
233 232 1.33
231 232 1.33
232 231 1.33
230 231 1.33
231 230 1.33
240 241 1.33
241 240 1.33
239 240 1.33
240 239 1.33
238 239 1.33
239 238 1.33
237 238 1.33
238 237 1.33
236 237 1.33
237 236 1.33
246 247 1.33
247 246 1.33
245 246 1.33
246 245 1.33
244 245 1.33
245 244 1.33
243 244 1.33
244 243 1.33
242 243 1.33
243 242 1.33
252 253 1.33
253 252 1.33
251 252 1.33
252 251 1.33
250 251 1.33
251 250 1.33
249 250 1.33
250 249 1.33
248 249 1.33
249 248 1.33
258 259 1.33
259 258 1.33
257 258 1.33
258 257 1.33
256 257 1.33
257 256 1.33
255 256 1.33
256 255 1.33
254 255 1.33
255 254 1.33
264 265 1.33
265 264 1.33
263 264 1.33
264 263 1.33
262 263 1.33
263 262 1.33
261 262 1.33
262 261 1.33
260 261 1.33
261 260 1.33
270 271 1.33
271 270 1.33
269 270 1.33
270 269 1.33
268 269 1.33
269 268 1.33
267 268 1.33
268 267 1.33
266 267 1.33
267 266 1.33
276 277 1.33
277 276 1.33
275 276 1.33
276 275 1.33
274 275 1.33
275 274 1.33
273 274 1.33
274 273 1.33
272 273 1.33
273 272 1.33
367 368 1.36
368 367 1.36
366 367 1.36
367 366 1.36
365 366 1.36
366 365 1.36
364 365 1.36
365 364 1.36
363 364 1.36
364 363 1.36
361 362 1.36
362 361 1.36
360 361 1.36
361 360 1.36
359 360 1.36
360 359 1.36
358 359 1.36
359 358 1.36
357 358 1.36
358 357 1.36
355 356 1.36
356 355 1.36
354 355 1.36
355 354 1.36
353 354 1.36
354 353 1.36
352 353 1.36
353 352 1.36
350 351 1.36
351 350 1.36
349 350 1.36
350 349 1.36
348 349 1.36
349 348 1.36
347 348 1.36
348 347 1.36
344 345 1.36
345 344 1.36
343 344 1.36
344 343 1.36
342 343 1.36
343 342 1.36
341 342 1.36
342 341 1.36
105 106 1.33
106 105 1.33
104 105 1.33
105 104 1.33
103 104 1.33
104 103 1.33
102 103 1.33
103 102 1.33
101 102 1.33
102 101 1.33
55 101 0.97
101 55 0.97
147 188 0.64
188 147 0.64
148 194 0.65
194 148 0.65
149 200 0.65
200 149 0.65
150 206 0.66
206 150 0.66
151 212 0.67
212 151 0.67
152 218 0.67
218 152 0.67
153 224 0.68
224 153 0.68
154 230 0.69
230 154 0.69
155 236 0.69
236 155 0.69
156 242 0.7
242 156 0.7
157 248 0.71
248 157 0.71
158 254 0.71
254 158 0.71
159 260 0.72
260 159 0.72
160 266 0.73
266 160 0.73
161 272 0.73
272 161 0.73
63 24 6.47
24 63 6.47
64 63 1.15
63 64 1.15
186 187 0.67
187 186 0.67
185 186 0.88
186 185 0.88
184 183 1.61
183 184 1.61
182 184 1.6
184 182 1.6
181 182 1.59
182 181 1.59
178 180 1.24
180 178 1.24
179 178 1.24
178 179 1.24
176 179 1.26
179 176 1.26
177 176 1.25
176 177 1.25
172 177 1.25
177 172 1.25
173 172 1.23
172 173 1.23
175 173 1.26
173 175 1.26
174 175 1.26
175 174 1.26
170 174 1.24
174 170 1.24
171 170 1.23
170 171 1.23
168 171 1.27
171 168 1.27
169 168 1.25
168 169 1.25
167 169 1.25
169 167 1.25
166 167 1.25
167 166 1.25
444 166 1.58
166 444 1.58
445 444 2.02
444 445 2.02
385 386 1.37
386 385 1.37
384 385 1.37
385 384 1.37
383 384 1.37
384 383 1.37
382 383 1.37
383 382 1.37
381 382 1.34
382 381 1.34
391 392 1.37
392 391 1.37
390 391 1.37
391 390 1.37
389 390 1.37
390 389 1.37
388 389 1.37
389 388 1.37
387 388 1.34
388 387 1.34
397 398 1.37
398 397 1.37
396 397 1.37
397 396 1.37
395 396 1.37
396 395 1.37
394 395 1.37
395 394 1.37
393 394 1.34
394 393 1.34
403 404 1.37
404 403 1.37
402 403 1.37
403 402 1.37
401 402 1.37
402 401 1.37
400 401 1.37
401 400 1.37
399 400 1.34
400 399 1.34
408 409 1.37
409 408 1.37
407 408 1.37
408 407 1.37
406 407 1.37
407 406 1.37
405 406 1.34
406 405 1.34
414 415 1.37
415 414 1.37
413 414 1.37
414 413 1.37
412 413 1.37
413 412 1.37
411 412 1.34
412 411 1.34
421 422 1.37
422 421 1.37
420 421 1.37
421 420 1.37
419 420 1.37
420 419 1.37
418 419 1.37
419 418 1.37
417 418 1.34
418 417 1.34
427 428 1.37
428 427 1.37
426 427 1.37
427 426 1.37
425 426 1.37
426 425 1.37
424 425 1.37
425 424 1.37
423 424 1.34
424 423 1.34
433 434 1.37
434 433 1.37
432 433 1.37
433 432 1.37
431 432 1.37
432 431 1.37
430 431 1.37
431 430 1.37
429 430 1.34
430 429 1.34
373 374 1.36
374 373 1.36
372 373 1.36
373 372 1.36
371 372 1.36
372 371 1.36
370 371 1.36
371 370 1.36
369 370 1.36
370 369 1.36
379 380 1.37
380 379 1.37
378 379 1.37
379 378 1.37
377 378 1.37
378 377 1.37
376 377 1.37
377 376 1.37
375 376 1.34
376 375 1.34
304 305 1.23
305 304 1.23
303 304 1.23
304 303 1.23
302 303 1.23
303 302 1.23
301 302 1.23
302 301 1.23
300 301 1.23
301 300 1.23
297 298 1.23
298 297 1.23
296 297 1.23
297 296 1.23
295 296 1.23
296 295 1.23
294 295 1.23
295 294 1.23
293 294 1.23
294 293 1.23
290 291 1.23
291 290 1.23
289 290 1.23
290 289 1.23
288 289 1.23
289 288 1.23
287 288 1.23
288 287 1.23
286 287 1.23
287 286 1.23
283 284 1.23
284 283 1.23
282 283 1.23
283 282 1.23
281 282 1.23
282 281 1.23
280 281 1.23
281 280 1.23
279 280 1.23
280 279 1.23
339 340 1.61
340 339 1.61
333 335 1.29
335 333 1.29
330 333 1.32
333 330 1.32
329 330 1.27
330 329 1.27
327 329 1.29
329 327 1.29
325 327 1.29
327 325 1.29
323 325 1.3
325 323 1.3
321 323 1.29
323 321 1.29
319 321 1.29
321 319 1.29
317 319 1.36
319 317 1.36
315 317 1.35
317 315 1.35
313 315 1.39
315 313 1.39
310 313 1.38
313 310 1.38
307 309 1.8
309 307 1.8
306 307 1.51
307 306 1.51
180 181 1.46
181 180 1.46
409 410 1.37
410 409 1.37
415 416 1.37
416 415 1.37
278 279 1.23
279 278 1.23
285 286 1.23
286 285 1.23
292 293 1.23
293 292 1.23
299 300 1.23
300 299 1.23
165 299 0.81
299 165 0.81
164 292 0.8
292 164 0.8
163 285 0.79
285 163 0.79
162 278 0.78
278 162 0.78
183 185 1.68
185 183 1.68
309 310 1.35
310 309 1.35
308 341 0.97
341 308 0.97
311 347 0.97
347 311 0.97
312 352 0.97
352 312 0.97
314 357 0.97
357 314 0.97
316 363 0.97
363 316 0.97
318 369 1.08
369 318 1.08
320 375 1.04
375 320 1.04
322 381 1.04
381 322 1.04
324 387 1.04
387 324 1.04
326 393 1.03
393 326 1.03
328 399 1.04
399 328 1.04
331 405 1.02
405 331 1.02
332 411 1.07
411 332 1.07
334 417 1.04
417 334 1.04
336 423 1.1
423 336 1.1
338 429 1.11
429 338 1.11
337 335 1.29
335 337 1.29
339 337 1.29
337 339 1.29
701 702 4.83
702 701 4.83
700 701 4.31
701 700 4.31
696 697 0.62
685 753 0.57
753 685 0.57
690 758 0.59
758 690 0.59
698 700 4.58
700 698 4.58
691 759 0.36
759 691 0.36
692 760 0.34
760 692 0.34
733 765 0.52
765 733 0.52
732 764 0.51
764 732 0.51
697 698 1.25
698 697 1.25
727 726 1.94
725 727 1.16
727 725 1.16
730 725 1.02
725 730 1.02
729 731 3.74
728 729 2.47
726 728 1.29
736 767 0.53
767 736 0.53
737 768 0.48
768 737 0.48
738 769 0.52
769 738 0.52
682 751 1.57
751 682 1.57
684 752 0.84
752 684 0.84
761 762 1.33
762 761 1.33
694 761 0.76
761 694 0.76
763 750 1.26
750 763 1.26
695 763 0.69
763 695 0.69
710 714 1.75
714 710 1.75
711 710 1.41
710 711 1.41
712 711 1.45
711 712 1.45
713 712 2.39
712 713 2.39
715 713 1.16
713 715 1.16
717 719 4.41
719 717 4.41
714 717 7.38
717 714 7.38
126 127 1.44
127 126 1.44
125 126 1.28
126 125 1.28
117 125 0.8
125 117 0.8
123 124 1.44
124 123 1.44
122 123 1.27
123 122 1.27
116 122 0.81
122 116 0.81
120 121 1.44
121 120 1.44
115 120 2.11
120 115 2.11
118 119 1.44
119 118 1.44
114 118 2.11
118 114 2.11
114 109 1.11
112 111 1.15
111 112 1.15
110 112 0.85
112 110 0.85
131 132 3.27
141 142 1.52
142 141 1.52
140 141 1.7
141 140 1.7
138 145 0.69
145 138 0.69
139 146 0.7
146 139 0.7
11 10 0.98
9 8 0.98
8 9 0.98
10 9 1.45
9 10 1.45
34 32 0.37
32 34 0.37
40 33 0.34
33 40 0.34
41 40 1.21
40 41 1.21
42 41 1.21
41 42 1.21
43 42 1.21
42 43 1.21
44 43 1.21
43 44 1.21
35 34 1.55
34 35 1.55
36 35 1.23
35 36 1.23
37 36 1.23
36 37 1.23
38 37 1.23
37 38 1.23
39 38 1.23
38 39 1.23
45 44 1.21
44 45 1.21
46 45 1.21
45 46 1.21
47 46 1.21
46 47 1.21
48 47 1.21
47 48 1.21
17 3 0.38
3 17 0.38
18 5 0.38
5 18 0.38
6 7 0.75
7 6 0.75
4 6 1.61
6 4 1.61
2 4 1.46
4 2 1.46
1 2 4.53
2 1 4.53
0 1 2.11
1 0 2.11
30 31 1.04
31 30 1.04
29 30 1.72
30 29 1.72
28 29 1.22
29 28 1.22
22 25 12.62
25 22 12.62
21 22 15.69
22 21 15.69
28 27 2.76
27 28 2.76
12 7 2.59
7 12 2.59
14 12 1.65
12 14 1.65
16 14 1.53
14 16 1.53
13 19 0.74
19 13 0.74
15 20 0.57
20 15 0.57
134 143 0.8
143 134 0.8
136 144 0.77
144 136 0.77
113 111 0.9
111 113 0.9
450 449 7.43
449 450 7.43
451 450 10.0
450 451 10.0
452 451 8.21
451 452 8.21
648 649 1.31
649 648 1.31
345 346 1.38
346 345 1.38
56 57 1.16
57 56 1.16
187 56 1.9
56 187 1.9
108 107 0.73
107 108 0.73
115 108 1.32
108 115 1.32
129 130 1.63
724 715 11.86
715 724 11.86
689 757 0.5
757 689 0.5
688 756 0.5
756 688 0.5
687 755 0.49
755 687 0.49
686 754 0.43
754 686 0.43
678 749 0.48
749 678 0.48
677 748 0.49
748 677 0.49
676 679 1.93
679 676 1.93
675 676 1.28
676 675 1.28
683 693 1.31
693 683 1.31
679 683 1.31
683 679 1.31
721 730 1.33
730 721 1.33
718 721 1.36
721 718 1.36
723 718 1.03
718 723 1.03
720 723 1.99
723 720 1.99
719 720 7.83
720 719 7.83
739 770 0.34
770 739 0.34
744 773 0.34
773 744 0.34
734 766 0.33
766 734 0.33
740 771 0.34
771 740 0.34
743 772 0.34
772 743 0.34
745 774 0.29
774 745 0.29
741 735 1.2
735 741 1.2
742 741 0.94
741 742 0.94
746 742 1.46
742 746 1.46
747 746 0.95
746 747 0.95
